kernel line : count latency dram_traffic smem_bk_conflicts smem_warp gmem_access_generated gmem_warp exposed_latency warp_divergence
_1.ptx 70 : 32 192 0 0 0 0 0 0 0 
_1.ptx 71 : 32 192 0 0 0 0 0 0 0 
_1.ptx 72 : 32 192 0 0 0 0 0 0 0 
_1.ptx 73 : 32 352 0 0 0 0 0 0 0 
_1.ptx 74 : 32 192 0 0 0 0 0 0 0 
_1.ptx 75 : 32 352 0 0 0 0 0 0 0 
_1.ptx 76 : 32 224 0 0 0 0 0 0 0 
_1.ptx 77 : 32 224 0 0 0 0 0 0 0 
_1.ptx 78 : 32 192 0 0 0 0 0 0 0 
_1.ptx 79 : 32 352 0 0 0 0 0 0 0 
_1.ptx 80 : 32 8512 32 0 0 1 1 0 0 
_1.ptx 81 : 32 192 0 0 0 0 0 0 0 
_1.ptx 85 : 8192 2104960 8192 0 0 256 256 0 0 
_1.ptx 86 : 8192 90112 0 0 0 0 0 0 0 
_1.ptx 87 : 8192 40960 8192 0 0 256 256 0 0 
_1.ptx 88 : 8192 81920 0 0 0 0 0 0 0 
_1.ptx 89 : 8192 81920 0 0 0 0 0 0 0 
_1.ptx 90 : 8192 49152 0 0 0 0 0 0 0 
_1.ptx 91 : 8192 65536 0 0 0 0 0 0 0 
_1.ptx 92 : 8192 48960 0 0 0 0 0 0 0 
_1.ptx 94 : 32 192 0 0 0 0 0 0 0 
_1.ptx 95 : 32 192 0 0 0 0 0 0 0 
_1.ptx 96 : 32 192 0 0 0 0 0 0 0 
_1.ptx 97 : 32 192 0 0 0 0 0 0 0 
_1.ptx 98 : 32 320 0 0 0 0 0 0 0 
_1.ptx 99 : 32 224 0 0 0 0 0 0 0 
_1.ptx 100 : 32 8224 64 0 0 0 0 0 0 
_1.ptx 101 : 32 352 0 0 0 0 0 0 0 
_1.ptx 102 : 32 9952 512 0 0 16 1 0 0 
_1.ptx 103 : 32 224 0 0 0 0 0 0 0 
_1.ptx 104 : 32 8480 32 0 0 1 1 0 0 
_1.ptx 105 : 32 256 0 0 0 0 0 0 0 
_1.ptx 106 : 32 9632 512 0 0 16 1 0 0 
_1.ptx 107 : 32 224 0 0 0 0 0 0 0 
_1.ptx 108 : 32 224 0 0 0 0 0 0 0 
_1.ptx 109 : 32 9664 512 0 0 16 1 0 0 
_1.ptx 110 : 32 224 0 0 0 0 0 0 0 
_1.ptx 111 : 32 224 0 0 0 0 0 0 0 
_1.ptx 112 : 32 256 0 0 0 0 0 0 0 
_1.ptx 113 : 32 9632 512 0 0 16 1 0 0 
_1.ptx 114 : 32 224 0 0 0 0 0 0 0 
_1.ptx 115 : 32 224 0 0 0 0 0 0 0 
_1.ptx 116 : 32 256 0 0 0 0 0 0 0 
_1.ptx 117 : 32 256 0 0 0 0 0 0 0 
_1.ptx 119 : 32 9632 512 0 0 16 1 0 0 
_1.ptx 120 : 32 224 0 0 0 0 0 0 0 
_1.ptx 121 : 32 256 0 0 0 0 0 0 0 
_1.ptx 122 : 32 9792 512 0 0 16 1 0 0 
_1.ptx 123 : 32 224 0 0 0 0 0 0 0 
_1.ptx 124 : 32 224 0 0 0 0 0 0 0 
_1.ptx 125 : 32 9632 512 0 0 16 1 0 0 
_1.ptx 126 : 32 224 0 0 0 0 0 0 0 
_1.ptx 127 : 32 224 0 0 0 0 0 0 0 
_1.ptx 128 : 32 256 0 0 0 0 0 0 0 
_1.ptx 129 : 32 9664 512 0 0 16 1 0 0 
_1.ptx 130 : 32 224 0 0 0 0 0 0 0 
_1.ptx 131 : 32 224 0 0 0 0 0 0 0 
_1.ptx 132 : 32 256 0 0 0 0 0 0 0 
_1.ptx 133 : 32 256 0 0 0 0 0 0 0 
_1.ptx 135 : 32 9664 512 0 0 16 1 0 0 
_1.ptx 136 : 32 224 0 0 0 0 0 0 0 
_1.ptx 137 : 32 8160 32 0 0 1 1 0 0 
_1.ptx 138 : 32 256 0 0 0 0 0 0 0 
_1.ptx 139 : 32 9824 512 0 0 16 1 0 0 
_1.ptx 140 : 32 224 0 0 0 0 0 0 0 
_1.ptx 141 : 32 224 0 0 0 0 0 0 0 
_1.ptx 142 : 32 9664 512 0 0 16 1 0 0 
_1.ptx 143 : 32 224 0 0 0 0 0 0 0 
_1.ptx 144 : 32 224 0 0 0 0 0 0 0 
_1.ptx 145 : 32 256 0 0 0 0 0 0 0 
_1.ptx 146 : 32 9632 512 0 0 16 1 0 0 
_1.ptx 147 : 32 224 0 0 0 0 0 0 0 
_1.ptx 148 : 32 224 0 0 0 0 0 0 0 
_1.ptx 149 : 32 256 0 0 0 0 0 0 0 
_1.ptx 150 : 32 256 0 0 0 0 0 0 0 
_1.ptx 152 : 32 9664 512 0 0 16 1 0 0 
_1.ptx 153 : 32 224 0 0 0 0 0 0 0 
_1.ptx 154 : 32 256 0 0 0 0 0 0 0 
_1.ptx 155 : 32 9632 512 0 0 16 1 0 0 
_1.ptx 156 : 32 224 0 0 0 0 0 0 0 
_1.ptx 157 : 32 224 0 0 0 0 0 0 0 
_1.ptx 158 : 32 9664 512 0 0 16 1 0 0 
_1.ptx 159 : 32 224 0 0 0 0 0 0 0 
_1.ptx 160 : 32 224 0 0 0 0 0 0 0 
_1.ptx 161 : 32 256 0 0 0 0 0 0 0 
_1.ptx 162 : 32 9632 512 0 0 16 1 0 0 
_1.ptx 163 : 32 224 0 0 0 0 0 0 0 
_1.ptx 164 : 32 224 0 0 0 0 0 0 0 
_1.ptx 165 : 32 256 0 0 0 0 0 0 0 
_1.ptx 166 : 32 256 0 0 0 0 0 0 0 
_1.ptx 168 : 32 224 0 0 0 0 0 0 0 
_1.ptx 169 : 32 320 0 0 0 0 0 0 0 
_1.ptx 170 : 32 352 0 0 0 0 0 0 0 
_1.ptx 171 : 32 10560 1344 0 0 14 1 0 0 
_1.ptx 172 : 32 9696 32 0 0 1 1 0 0 
_1.ptx 173 : 32 256 0 0 0 0 0 0 0 
_1.ptx 174 : 32 224 0 0 0 0 0 0 0 
_1.ptx 175 : 32 224 0 0 0 0 0 0 0 
_1.ptx 176 : 32 320 0 0 0 0 0 0 0 
_1.ptx 177 : 32 352 0 0 0 0 0 0 0 
_1.ptx 178 : 32 10272 928 0 0 13 1 0 0 
_1.ptx 179 : 32 224 0 0 0 0 0 0 0 
_1.ptx 180 : 32 224 0 0 0 0 0 0 0 
_1.ptx 181 : 32 320 0 0 0 0 0 0 0 
_1.ptx 182 : 32 352 0 0 0 0 0 0 0 
_1.ptx 183 : 32 11840 1152 0 0 14 1 0 0 
_1.ptx 184 : 32 224 0 0 0 0 0 0 0 
_1.ptx 185 : 32 320 0 0 0 0 0 0 0 
_1.ptx 186 : 32 352 0 0 0 0 0 0 0 
_1.ptx 187 : 32 11680 992 0 0 14 1 0 0 
_1.ptx 188 : 32 256 0 0 0 0 0 0 0 
_1.ptx 189 : 32 256 0 0 0 0 0 0 0 
_1.ptx 190 : 32 256 0 0 0 0 0 0 0 
_1.ptx 192 : 32 224 0 0 0 0 0 0 0 
_1.ptx 193 : 32 320 0 0 0 0 0 0 0 
_1.ptx 194 : 32 352 0 0 0 0 0 0 0 
_1.ptx 195 : 32 10048 1024 0 0 13 1 0 0 
_1.ptx 196 : 32 256 0 0 0 0 0 0 0 
_1.ptx 197 : 32 224 0 0 0 0 0 0 0 
_1.ptx 198 : 32 224 0 0 0 0 0 0 0 
_1.ptx 199 : 32 320 0 0 0 0 0 0 0 
_1.ptx 200 : 32 352 0 0 0 0 0 0 0 
_1.ptx 201 : 32 10944 1184 0 0 13 1 0 0 
_1.ptx 202 : 32 224 0 0 0 0 0 0 0 
_1.ptx 203 : 32 224 0 0 0 0 0 0 0 
_1.ptx 204 : 32 320 0 0 0 0 0 0 0 
_1.ptx 205 : 32 352 0 0 0 0 0 0 0 
_1.ptx 206 : 32 11008 896 0 0 14 1 0 0 
_1.ptx 207 : 32 224 0 0 0 0 0 0 0 
_1.ptx 208 : 32 320 0 0 0 0 0 0 0 
_1.ptx 209 : 32 352 0 0 0 0 0 0 0 
_1.ptx 210 : 32 10016 928 0 0 15 1 0 0 
_1.ptx 211 : 32 256 0 0 0 0 0 0 0 
_1.ptx 212 : 32 256 0 0 0 0 0 0 0 
_1.ptx 213 : 32 256 0 0 0 0 0 0 0 
_1.ptx 215 : 32 224 0 0 0 0 0 0 0 
_1.ptx 216 : 32 320 0 0 0 0 0 0 0 
_1.ptx 217 : 32 352 0 0 0 0 0 0 0 
_1.ptx 218 : 32 10336 1120 0 0 15 1 0 0 
_1.ptx 219 : 32 8192 32 0 0 1 1 0 0 
_1.ptx 220 : 32 256 0 0 0 0 0 0 0 
_1.ptx 221 : 32 224 0 0 0 0 0 0 0 
_1.ptx 222 : 32 224 0 0 0 0 0 0 0 
_1.ptx 223 : 32 320 0 0 0 0 0 0 0 
_1.ptx 224 : 32 352 0 0 0 0 0 0 0 
_1.ptx 225 : 32 11104 1056 0 0 13 1 0 0 
_1.ptx 226 : 32 224 0 0 0 0 0 0 0 
_1.ptx 227 : 32 224 0 0 0 0 0 0 0 
_1.ptx 228 : 32 320 0 0 0 0 0 0 0 
_1.ptx 229 : 32 352 0 0 0 0 0 0 0 
_1.ptx 230 : 32 11456 992 0 0 14 1 0 0 
_1.ptx 231 : 32 224 0 0 0 0 0 0 0 
_1.ptx 232 : 32 320 0 0 0 0 0 0 0 
_1.ptx 233 : 32 352 0 0 0 0 0 0 0 
_1.ptx 234 : 32 11872 1184 0 0 14 1 0 0 
_1.ptx 235 : 32 256 0 0 0 0 0 0 0 
_1.ptx 236 : 32 256 0 0 0 0 0 0 0 
_1.ptx 237 : 32 256 0 0 0 0 0 0 0 
_1.ptx 239 : 32 224 0 0 0 0 0 0 0 
_1.ptx 240 : 32 320 0 0 0 0 0 0 0 
_1.ptx 241 : 32 352 0 0 0 0 0 0 0 
_1.ptx 242 : 32 10496 1376 0 0 15 1 0 0 
_1.ptx 243 : 32 256 0 0 0 0 0 0 0 
_1.ptx 244 : 32 224 0 0 0 0 0 0 0 
_1.ptx 245 : 32 224 0 0 0 0 0 0 0 
_1.ptx 246 : 32 320 0 0 0 0 0 0 0 
_1.ptx 247 : 32 352 0 0 0 0 0 0 0 
_1.ptx 248 : 32 11424 1248 0 0 14 1 0 0 
_1.ptx 249 : 32 224 0 0 0 0 0 0 0 
_1.ptx 250 : 32 224 0 0 0 0 0 0 0 
_1.ptx 251 : 32 320 0 0 0 0 0 0 0 
_1.ptx 252 : 32 352 0 0 0 0 0 0 0 
_1.ptx 253 : 32 11328 1152 0 0 14 1 0 0 
_1.ptx 254 : 32 224 0 0 0 0 0 0 0 
_1.ptx 255 : 32 320 0 0 0 0 0 0 0 
_1.ptx 256 : 32 352 0 0 0 0 0 0 0 
_1.ptx 257 : 32 10208 1152 0 0 14 1 0 0 
_1.ptx 258 : 32 256 0 0 0 0 0 0 0 
_1.ptx 259 : 32 256 0 0 0 0 0 0 0 
_1.ptx 260 : 32 256 0 0 0 0 0 0 0 
_1.ptx 262 : 32 224 0 0 0 0 0 0 0 
_1.ptx 263 : 32 320 0 0 0 0 0 0 0 
_1.ptx 264 : 32 352 0 0 0 0 0 0 0 
_1.ptx 265 : 32 10208 1088 0 0 14 1 0 0 
_1.ptx 266 : 32 10048 32 0 0 1 1 0 0 
_1.ptx 267 : 32 256 0 0 0 0 0 0 0 
_1.ptx 268 : 32 224 0 0 0 0 0 0 0 
_1.ptx 269 : 32 224 0 0 0 0 0 0 0 
_1.ptx 270 : 32 320 0 0 0 0 0 0 0 
_1.ptx 271 : 32 352 0 0 0 0 0 0 0 
_1.ptx 272 : 32 10112 992 0 0 12 1 0 0 
_1.ptx 273 : 32 224 0 0 0 0 0 0 0 
_1.ptx 274 : 32 224 0 0 0 0 0 0 0 
_1.ptx 275 : 32 320 0 0 0 0 0 0 0 
_1.ptx 276 : 32 352 0 0 0 0 0 0 0 
_1.ptx 277 : 32 11040 1088 0 0 14 1 0 0 
_1.ptx 278 : 32 224 0 0 0 0 0 0 0 
_1.ptx 279 : 32 320 0 0 0 0 0 0 0 
_1.ptx 280 : 32 352 0 0 0 0 0 0 0 
_1.ptx 281 : 32 11136 1184 0 0 13 1 0 0 
_1.ptx 282 : 32 256 0 0 0 0 0 0 0 
_1.ptx 283 : 32 256 0 0 0 0 0 0 0 
_1.ptx 284 : 32 256 0 0 0 0 0 0 0 
_1.ptx 286 : 32 224 0 0 0 0 0 0 0 
_1.ptx 287 : 32 320 0 0 0 0 0 0 0 
_1.ptx 288 : 32 352 0 0 0 0 0 0 0 
_1.ptx 289 : 32 10048 992 0 0 15 1 0 0 
_1.ptx 290 : 32 256 0 0 0 0 0 0 0 
_1.ptx 291 : 32 224 0 0 0 0 0 0 0 
_1.ptx 292 : 32 224 0 0 0 0 0 0 0 
_1.ptx 293 : 32 320 0 0 0 0 0 0 0 
_1.ptx 294 : 32 352 0 0 0 0 0 0 0 
_1.ptx 295 : 32 11616 1120 0 0 16 1 0 0 
_1.ptx 296 : 32 224 0 0 0 0 0 0 0 
_1.ptx 297 : 32 224 0 0 0 0 0 0 0 
_1.ptx 298 : 32 320 0 0 0 0 0 0 0 
_1.ptx 299 : 32 352 0 0 0 0 0 0 0 
_1.ptx 300 : 32 11584 1088 0 0 15 1 0 0 
_1.ptx 301 : 32 224 0 0 0 0 0 0 0 
_1.ptx 302 : 32 320 0 0 0 0 0 0 0 
_1.ptx 303 : 32 352 0 0 0 0 0 0 0 
_1.ptx 304 : 32 12064 1120 0 0 12 1 0 0 
_1.ptx 305 : 32 256 0 0 0 0 0 0 0 
_1.ptx 306 : 32 256 0 0 0 0 0 0 0 
_1.ptx 307 : 32 256 0 0 0 0 0 0 0 
_1.ptx 309 : 32 224 0 0 0 0 0 0 0 
_1.ptx 310 : 32 320 0 0 0 0 0 0 0 
_1.ptx 311 : 32 352 0 0 0 0 0 0 0 
_1.ptx 312 : 32 10496 1248 0 0 14 1 0 0 
_1.ptx 313 : 32 8160 32 0 0 1 1 0 0 
_1.ptx 314 : 32 256 0 0 0 0 0 0 0 
_1.ptx 315 : 32 224 0 0 0 0 0 0 0 
_1.ptx 316 : 32 224 0 0 0 0 0 0 0 
_1.ptx 317 : 32 320 0 0 0 0 0 0 0 
_1.ptx 318 : 32 352 0 0 0 0 0 0 0 
_1.ptx 319 : 32 10400 1312 0 0 15 1 0 0 
_1.ptx 320 : 32 224 0 0 0 0 0 0 0 
_1.ptx 321 : 32 224 0 0 0 0 0 0 0 
_1.ptx 322 : 32 320 0 0 0 0 0 0 0 
_1.ptx 323 : 32 352 0 0 0 0 0 0 0 
_1.ptx 324 : 32 11680 1216 0 0 14 1 0 0 
_1.ptx 325 : 32 224 0 0 0 0 0 0 0 
_1.ptx 326 : 32 320 0 0 0 0 0 0 0 
_1.ptx 327 : 32 352 0 0 0 0 0 0 0 
_1.ptx 328 : 32 11328 1056 0 0 15 1 0 0 
_1.ptx 329 : 32 256 0 0 0 0 0 0 0 
_1.ptx 330 : 32 256 0 0 0 0 0 0 0 
_1.ptx 331 : 32 256 0 0 0 0 0 0 0 
_1.ptx 333 : 32 224 0 0 0 0 0 0 0 
_1.ptx 334 : 32 320 0 0 0 0 0 0 0 
_1.ptx 335 : 32 352 0 0 0 0 0 0 0 
_1.ptx 336 : 32 10080 1056 0 0 14 1 0 0 
_1.ptx 337 : 32 256 0 0 0 0 0 0 0 
_1.ptx 338 : 32 224 0 0 0 0 0 0 0 
_1.ptx 339 : 32 224 0 0 0 0 0 0 0 
_1.ptx 340 : 32 320 0 0 0 0 0 0 0 
_1.ptx 341 : 32 352 0 0 0 0 0 0 0 
_1.ptx 342 : 32 11264 1248 0 0 13 1 0 0 
_1.ptx 343 : 32 224 0 0 0 0 0 0 0 
_1.ptx 344 : 32 224 0 0 0 0 0 0 0 
_1.ptx 345 : 32 320 0 0 0 0 0 0 0 
_1.ptx 346 : 32 352 0 0 0 0 0 0 0 
_1.ptx 347 : 32 11808 1120 0 0 14 1 0 0 
_1.ptx 348 : 32 224 0 0 0 0 0 0 0 
_1.ptx 349 : 32 320 0 0 0 0 0 0 0 
_1.ptx 350 : 32 352 0 0 0 0 0 0 0 
_1.ptx 351 : 32 12192 1120 0 0 14 1 0 0 
_1.ptx 352 : 32 256 0 0 0 0 0 0 0 
_1.ptx 353 : 32 256 0 0 0 0 0 0 0 
_1.ptx 354 : 32 256 0 0 0 0 0 0 0 
_1.ptx 356 : 32 224 0 0 0 0 0 0 0 
_1.ptx 357 : 32 320 0 0 0 0 0 0 0 
_1.ptx 358 : 32 352 0 0 0 0 0 0 0 
_1.ptx 359 : 32 10432 1184 0 0 14 1 0 0 
_1.ptx 360 : 32 10176 32 0 0 1 1 0 0 
_1.ptx 361 : 32 256 0 0 0 0 0 0 0 
_1.ptx 362 : 32 224 0 0 0 0 0 0 0 
_1.ptx 363 : 32 224 0 0 0 0 0 0 0 
_1.ptx 364 : 32 320 0 0 0 0 0 0 0 
_1.ptx 365 : 32 352 0 0 0 0 0 0 0 
_1.ptx 366 : 32 10912 1088 0 0 16 1 0 0 
_1.ptx 367 : 32 224 0 0 0 0 0 0 0 
_1.ptx 368 : 32 224 0 0 0 0 0 0 0 
_1.ptx 369 : 32 320 0 0 0 0 0 0 0 
_1.ptx 370 : 32 352 0 0 0 0 0 0 0 
_1.ptx 371 : 32 11200 1120 0 0 13 1 0 0 
_1.ptx 372 : 32 224 0 0 0 0 0 0 0 
_1.ptx 373 : 32 320 0 0 0 0 0 0 0 
_1.ptx 374 : 32 352 0 0 0 0 0 0 0 
_1.ptx 375 : 32 10176 1088 0 0 14 1 0 0 
_1.ptx 376 : 32 256 0 0 0 0 0 0 0 
_1.ptx 377 : 32 256 0 0 0 0 0 0 0 
_1.ptx 378 : 32 256 0 0 0 0 0 0 0 
_1.ptx 380 : 32 224 0 0 0 0 0 0 0 
_1.ptx 381 : 32 320 0 0 0 0 0 0 0 
_1.ptx 382 : 32 352 0 0 0 0 0 0 0 
_1.ptx 383 : 32 10048 1056 0 0 14 1 0 0 
_1.ptx 384 : 32 256 0 0 0 0 0 0 0 
_1.ptx 385 : 32 224 0 0 0 0 0 0 0 
_1.ptx 386 : 32 224 0 0 0 0 0 0 0 
_1.ptx 387 : 32 320 0 0 0 0 0 0 0 
_1.ptx 388 : 32 352 0 0 0 0 0 0 0 
_1.ptx 389 : 32 10272 1120 0 0 13 1 0 0 
_1.ptx 390 : 32 224 0 0 0 0 0 0 0 
_1.ptx 391 : 32 224 0 0 0 0 0 0 0 
_1.ptx 392 : 32 320 0 0 0 0 0 0 0 
_1.ptx 393 : 32 352 0 0 0 0 0 0 0 
_1.ptx 394 : 32 11936 1184 0 0 15 1 0 0 
_1.ptx 395 : 32 224 0 0 0 0 0 0 0 
_1.ptx 396 : 32 320 0 0 0 0 0 0 0 
_1.ptx 397 : 32 352 0 0 0 0 0 0 0 
_1.ptx 398 : 32 11360 1184 0 0 14 1 0 0 
_1.ptx 399 : 32 256 0 0 0 0 0 0 0 
_1.ptx 400 : 32 256 0 0 0 0 0 0 0 
_1.ptx 401 : 32 256 0 0 0 0 0 0 0 
_1.ptx 403 : 32 224 0 0 0 0 0 0 0 
_1.ptx 404 : 32 320 0 0 0 0 0 0 0 
_1.ptx 405 : 32 352 0 0 0 0 0 0 0 
_1.ptx 406 : 32 10784 1376 0 0 15 1 0 0 
_1.ptx 407 : 32 8192 32 0 0 1 1 0 0 
_1.ptx 408 : 32 256 0 0 0 0 0 0 0 
_1.ptx 409 : 32 224 0 0 0 0 0 0 0 
_1.ptx 410 : 32 224 0 0 0 0 0 0 0 
_1.ptx 411 : 32 320 0 0 0 0 0 0 0 
_1.ptx 412 : 32 352 0 0 0 0 0 0 0 
_1.ptx 413 : 32 11456 1056 0 0 13 1 0 0 
_1.ptx 414 : 32 224 0 0 0 0 0 0 0 
_1.ptx 415 : 32 224 0 0 0 0 0 0 0 
_1.ptx 416 : 32 320 0 0 0 0 0 0 0 
_1.ptx 417 : 32 352 0 0 0 0 0 0 0 
_1.ptx 418 : 32 11424 1184 0 0 13 1 0 0 
_1.ptx 419 : 32 224 0 0 0 0 0 0 0 
_1.ptx 420 : 32 320 0 0 0 0 0 0 0 
_1.ptx 421 : 32 352 0 0 0 0 0 0 0 
_1.ptx 422 : 32 12128 1152 0 0 16 1 0 0 
_1.ptx 423 : 32 256 0 0 0 0 0 0 0 
_1.ptx 424 : 32 256 0 0 0 0 0 0 0 
_1.ptx 425 : 32 256 0 0 0 0 0 0 0 
_1.ptx 427 : 32 224 0 0 0 0 0 0 0 
_1.ptx 428 : 32 320 0 0 0 0 0 0 0 
_1.ptx 429 : 32 352 0 0 0 0 0 0 0 
_1.ptx 430 : 32 10272 1120 0 0 16 1 0 0 
_1.ptx 431 : 32 256 0 0 0 0 0 0 0 
_1.ptx 432 : 32 224 0 0 0 0 0 0 0 
_1.ptx 433 : 32 224 0 0 0 0 0 0 0 
_1.ptx 434 : 32 320 0 0 0 0 0 0 0 
_1.ptx 435 : 32 352 0 0 0 0 0 0 0 
_1.ptx 436 : 32 10304 1056 0 0 14 1 0 0 
_1.ptx 437 : 32 224 0 0 0 0 0 0 0 
_1.ptx 438 : 32 224 0 0 0 0 0 0 0 
_1.ptx 439 : 32 320 0 0 0 0 0 0 0 
_1.ptx 440 : 32 352 0 0 0 0 0 0 0 
_1.ptx 441 : 32 11520 1088 0 0 15 1 0 0 
_1.ptx 442 : 32 256 0 0 0 0 0 0 0 
_1.ptx 443 : 32 320 0 0 0 0 0 0 0 
_1.ptx 444 : 32 352 0 0 0 0 0 0 0 
_1.ptx 445 : 32 11360 1120 0 0 15 1 0 0 
_1.ptx 446 : 32 256 0 0 0 0 0 0 0 
_1.ptx 447 : 32 256 0 0 0 0 0 0 0 
_1.ptx 448 : 32 256 0 0 0 0 0 0 0 
_1.ptx 450 : 32 224 0 0 0 0 0 0 0 
_1.ptx 451 : 32 320 0 0 0 0 0 0 0 
_1.ptx 452 : 32 352 0 0 0 0 0 0 0 
_1.ptx 453 : 32 10208 1248 0 0 11 1 0 0 
_1.ptx 454 : 32 9952 32 0 0 1 1 0 0 
_1.ptx 455 : 32 256 0 0 0 0 0 0 0 
_1.ptx 456 : 32 224 0 0 0 0 0 0 0 
_1.ptx 457 : 32 224 0 0 0 0 0 0 0 
_1.ptx 458 : 32 320 0 0 0 0 0 0 0 
_1.ptx 459 : 32 352 0 0 0 0 0 0 0 
_1.ptx 460 : 32 10912 1120 0 0 13 1 0 0 
_1.ptx 461 : 32 224 0 0 0 0 0 0 0 
_1.ptx 462 : 32 224 0 0 0 0 0 0 0 
_1.ptx 463 : 32 320 0 0 0 0 0 0 0 
_1.ptx 464 : 32 352 0 0 0 0 0 0 0 
_1.ptx 465 : 32 12800 1216 0 0 14 1 0 0 
_1.ptx 466 : 32 224 0 0 0 0 0 0 0 
_1.ptx 467 : 32 320 0 0 0 0 0 0 0 
_1.ptx 468 : 32 352 0 0 0 0 0 0 0 
_1.ptx 469 : 32 11936 832 0 0 15 1 0 0 
_1.ptx 470 : 32 256 0 0 0 0 0 0 0 
_1.ptx 471 : 32 256 0 0 0 0 0 0 0 
_1.ptx 472 : 32 256 0 0 0 0 0 0 0 
_1.ptx 474 : 32 224 0 0 0 0 0 0 0 
_1.ptx 475 : 32 320 0 0 0 0 0 0 0 
_1.ptx 476 : 32 352 0 0 0 0 0 0 0 
_1.ptx 477 : 32 10016 992 0 0 13 1 0 0 
_1.ptx 478 : 32 256 0 0 0 0 0 0 0 
_1.ptx 479 : 32 224 0 0 0 0 0 0 0 
_1.ptx 480 : 32 224 0 0 0 0 0 0 0 
_1.ptx 481 : 32 320 0 0 0 0 0 0 0 
_1.ptx 482 : 32 352 0 0 0 0 0 0 0 
_1.ptx 483 : 32 11616 1312 0 0 15 1 0 0 
_1.ptx 484 : 32 224 0 0 0 0 0 0 0 
_1.ptx 485 : 32 224 0 0 0 0 0 0 0 
_1.ptx 486 : 32 320 0 0 0 0 0 0 0 
_1.ptx 487 : 32 352 0 0 0 0 0 0 0 
_1.ptx 488 : 32 11456 1056 0 0 13 1 0 0 
_1.ptx 489 : 32 224 0 0 0 0 0 0 0 
_1.ptx 490 : 32 320 0 0 0 0 0 0 0 
_1.ptx 491 : 32 352 0 0 0 0 0 0 0 
_1.ptx 492 : 32 10432 1280 0 0 15 1 0 0 
_1.ptx 493 : 32 256 0 0 0 0 0 0 0 
_1.ptx 494 : 32 256 0 0 0 0 0 0 0 
_1.ptx 495 : 32 256 0 0 0 0 0 0 0 
_1.ptx 497 : 32 224 0 0 0 0 0 0 0 
_1.ptx 498 : 32 320 0 0 0 0 0 0 0 
_1.ptx 499 : 32 352 0 0 0 0 0 0 0 
_1.ptx 500 : 32 10016 896 0 0 14 1 0 0 
_1.ptx 501 : 32 8192 32 0 0 1 1 0 0 
_1.ptx 502 : 32 256 0 0 0 0 0 0 0 
_1.ptx 503 : 32 224 0 0 0 0 0 0 0 
_1.ptx 504 : 32 224 0 0 0 0 0 0 0 
_1.ptx 505 : 32 320 0 0 0 0 0 0 0 
_1.ptx 506 : 32 352 0 0 0 0 0 0 0 
_1.ptx 507 : 32 10432 1248 0 0 13 1 0 0 
_1.ptx 508 : 32 224 0 0 0 0 0 0 0 
_1.ptx 509 : 32 224 0 0 0 0 0 0 0 
_1.ptx 510 : 32 320 0 0 0 0 0 0 0 
_1.ptx 511 : 32 352 0 0 0 0 0 0 0 
_1.ptx 512 : 32 10880 960 0 0 14 1 0 0 
_1.ptx 513 : 32 224 0 0 0 0 0 0 0 
_1.ptx 514 : 32 320 0 0 0 0 0 0 0 
_1.ptx 515 : 32 352 0 0 0 0 0 0 0 
_1.ptx 516 : 32 11072 1152 0 0 14 1 0 0 
_1.ptx 517 : 32 256 0 0 0 0 0 0 0 
_1.ptx 518 : 32 256 0 0 0 0 0 0 0 
_1.ptx 519 : 32 256 0 0 0 0 0 0 0 
_1.ptx 521 : 32 224 0 0 0 0 0 0 0 
_1.ptx 522 : 32 320 0 0 0 0 0 0 0 
_1.ptx 523 : 32 352 0 0 0 0 0 0 0 
_1.ptx 524 : 32 10048 896 0 0 12 1 0 0 
_1.ptx 525 : 32 256 0 0 0 0 0 0 0 
_1.ptx 526 : 32 224 0 0 0 0 0 0 0 
_1.ptx 527 : 32 224 0 0 0 0 0 0 0 
_1.ptx 528 : 32 320 0 0 0 0 0 0 0 
_1.ptx 529 : 32 352 0 0 0 0 0 0 0 
_1.ptx 530 : 32 11104 1152 0 0 15 1 0 0 
_1.ptx 531 : 32 224 0 0 0 0 0 0 0 
_1.ptx 532 : 32 224 0 0 0 0 0 0 0 
_1.ptx 533 : 32 320 0 0 0 0 0 0 0 
_1.ptx 534 : 32 352 0 0 0 0 0 0 0 
_1.ptx 535 : 32 12192 1248 0 0 16 1 0 0 
_1.ptx 536 : 32 224 0 0 0 0 0 0 0 
_1.ptx 537 : 32 320 0 0 0 0 0 0 0 
_1.ptx 538 : 32 352 0 0 0 0 0 0 0 
_1.ptx 539 : 32 12000 768 0 0 13 1 0 0 
_1.ptx 540 : 32 256 0 0 0 0 0 0 0 
_1.ptx 541 : 32 256 0 0 0 0 0 0 0 
_1.ptx 542 : 32 256 0 0 0 0 0 0 0 
_1.ptx 544 : 32 224 0 0 0 0 0 0 0 
_1.ptx 545 : 32 320 0 0 0 0 0 0 0 
_1.ptx 546 : 32 352 0 0 0 0 0 0 0 
_1.ptx 547 : 32 10368 1152 0 0 16 1 0 0 
_1.ptx 548 : 32 10112 32 0 0 1 1 0 0 
_1.ptx 549 : 32 256 0 0 0 0 0 0 0 
_1.ptx 550 : 32 224 0 0 0 0 0 0 0 
_1.ptx 551 : 32 224 0 0 0 0 0 0 0 
_1.ptx 552 : 32 320 0 0 0 0 0 0 0 
_1.ptx 553 : 32 352 0 0 0 0 0 0 0 
_1.ptx 554 : 32 10144 928 0 0 13 1 0 0 
_1.ptx 555 : 32 224 0 0 0 0 0 0 0 
_1.ptx 556 : 32 224 0 0 0 0 0 0 0 
_1.ptx 557 : 32 320 0 0 0 0 0 0 0 
_1.ptx 558 : 32 384 0 0 0 0 0 0 0 
_1.ptx 559 : 32 11904 1184 0 0 15 1 0 0 
_1.ptx 560 : 32 224 0 0 0 0 0 0 0 
_1.ptx 561 : 32 320 0 0 0 0 0 0 0 
_1.ptx 562 : 32 352 0 0 0 0 0 0 0 
_1.ptx 563 : 32 11520 1312 0 0 14 1 0 0 
_1.ptx 564 : 32 256 0 0 0 0 0 0 0 
_1.ptx 565 : 32 256 0 0 0 0 0 0 0 
_1.ptx 566 : 32 256 0 0 0 0 0 0 0 
_1.ptx 568 : 32 224 0 0 0 0 0 0 0 
_1.ptx 569 : 32 320 0 0 0 0 0 0 0 
_1.ptx 570 : 32 352 0 0 0 0 0 0 0 
_1.ptx 571 : 32 10336 1248 0 0 15 1 0 0 
_1.ptx 572 : 32 256 0 0 0 0 0 0 0 
_1.ptx 573 : 32 224 0 0 0 0 0 0 0 
_1.ptx 574 : 32 224 0 0 0 0 0 0 0 
_1.ptx 575 : 32 320 0 0 0 0 0 0 0 
_1.ptx 576 : 32 352 0 0 0 0 0 0 0 
_1.ptx 577 : 32 11296 1248 0 0 13 1 0 0 
_1.ptx 578 : 32 224 0 0 0 0 0 0 0 
_1.ptx 579 : 32 224 0 0 0 0 0 0 0 
_1.ptx 580 : 32 320 0 0 0 0 0 0 0 
_1.ptx 581 : 32 352 0 0 0 0 0 0 0 
_1.ptx 582 : 32 11904 1216 0 0 13 1 0 0 
_1.ptx 583 : 32 224 0 0 0 0 0 0 0 
_1.ptx 584 : 32 320 0 0 0 0 0 0 0 
_1.ptx 585 : 32 352 0 0 0 0 0 0 0 
_1.ptx 586 : 32 12000 928 0 0 14 1 0 0 
_1.ptx 587 : 32 256 0 0 0 0 0 0 0 
_1.ptx 588 : 32 256 0 0 0 0 0 0 0 
_1.ptx 589 : 32 256 0 0 0 0 0 0 0 
_1.ptx 591 : 32 224 0 0 0 0 0 0 0 
_1.ptx 592 : 32 320 0 0 0 0 0 0 0 
_1.ptx 593 : 32 352 0 0 0 0 0 0 0 
_1.ptx 594 : 32 10464 1280 0 0 15 1 0 0 
_1.ptx 595 : 32 8160 32 0 0 1 1 0 0 
_1.ptx 596 : 32 256 0 0 0 0 0 0 0 
_1.ptx 597 : 32 224 0 0 0 0 0 0 0 
_1.ptx 598 : 32 224 0 0 0 0 0 0 0 
_1.ptx 599 : 32 320 0 0 0 0 0 0 0 
_1.ptx 600 : 32 352 0 0 0 0 0 0 0 
_1.ptx 601 : 32 10944 992 0 0 14 1 0 0 
_1.ptx 602 : 32 224 0 0 0 0 0 0 0 
_1.ptx 603 : 32 224 0 0 0 0 0 0 0 
_1.ptx 604 : 32 320 0 0 0 0 0 0 0 
_1.ptx 605 : 32 352 0 0 0 0 0 0 0 
_1.ptx 606 : 32 10912 928 0 0 15 1 0 0 
_1.ptx 607 : 32 224 0 0 0 0 0 0 0 
_1.ptx 608 : 32 320 0 0 0 0 0 0 0 
_1.ptx 609 : 32 352 0 0 0 0 0 0 0 
_1.ptx 610 : 32 10208 1088 0 0 15 1 0 0 
_1.ptx 611 : 32 256 0 0 0 0 0 0 0 
_1.ptx 612 : 32 256 0 0 0 0 0 0 0 
_1.ptx 613 : 32 256 0 0 0 0 0 0 0 
_1.ptx 615 : 32 224 0 0 0 0 0 0 0 
_1.ptx 616 : 32 320 0 0 0 0 0 0 0 
_1.ptx 617 : 32 352 0 0 0 0 0 0 0 
_1.ptx 618 : 32 10144 1184 0 0 12 1 0 0 
_1.ptx 619 : 32 256 0 0 0 0 0 0 0 
_1.ptx 620 : 32 224 0 0 0 0 0 0 0 
_1.ptx 621 : 32 224 0 0 0 0 0 0 0 
_1.ptx 622 : 32 320 0 0 0 0 0 0 0 
_1.ptx 623 : 32 352 0 0 0 0 0 0 0 
_1.ptx 624 : 32 10240 1024 0 0 14 1 0 0 
_1.ptx 625 : 32 224 0 0 0 0 0 0 0 
_1.ptx 626 : 32 224 0 0 0 0 0 0 0 
_1.ptx 627 : 32 320 0 0 0 0 0 0 0 
_1.ptx 628 : 32 352 0 0 0 0 0 0 0 
_1.ptx 629 : 32 11648 1088 0 0 14 1 0 0 
_1.ptx 630 : 32 224 0 0 0 0 0 0 0 
_1.ptx 631 : 32 320 0 0 0 0 0 0 0 
_1.ptx 632 : 32 352 0 0 0 0 0 0 0 
_1.ptx 633 : 32 11488 1280 0 0 15 1 0 0 
_1.ptx 634 : 32 256 0 0 0 0 0 0 0 
_1.ptx 635 : 32 256 0 0 0 0 0 0 0 
_1.ptx 636 : 32 256 0 0 0 0 0 0 0 
_1.ptx 638 : 32 224 0 0 0 0 0 0 0 
_1.ptx 639 : 32 320 0 0 0 0 0 0 0 
_1.ptx 640 : 32 352 0 0 0 0 0 0 0 
_1.ptx 641 : 32 10304 1024 0 0 14 1 0 0 
_1.ptx 642 : 32 8192 32 0 0 1 1 0 0 
_1.ptx 643 : 32 256 0 0 0 0 0 0 0 
_1.ptx 644 : 32 224 0 0 0 0 0 0 0 
_1.ptx 645 : 32 224 0 0 0 0 0 0 0 
_1.ptx 646 : 32 320 0 0 0 0 0 0 0 
_1.ptx 647 : 32 352 0 0 0 0 0 0 0 
_1.ptx 648 : 32 11328 1248 0 0 16 1 0 0 
_1.ptx 649 : 32 224 0 0 0 0 0 0 0 
_1.ptx 650 : 32 224 0 0 0 0 0 0 0 
_1.ptx 651 : 32 320 0 0 0 0 0 0 0 
_1.ptx 652 : 32 352 0 0 0 0 0 0 0 
_1.ptx 653 : 32 12544 1056 0 0 14 1 0 0 
_1.ptx 654 : 32 224 0 0 0 0 0 0 0 
_1.ptx 655 : 32 320 0 0 0 0 0 0 0 
_1.ptx 656 : 32 352 0 0 0 0 0 0 0 
_1.ptx 657 : 32 12352 1152 0 0 11 1 0 0 
_1.ptx 658 : 32 256 0 0 0 0 0 0 0 
_1.ptx 659 : 32 256 0 0 0 0 0 0 0 
_1.ptx 660 : 32 256 0 0 0 0 0 0 0 
_1.ptx 662 : 32 224 0 0 0 0 0 0 0 
_1.ptx 663 : 32 320 0 0 0 0 0 0 0 
_1.ptx 664 : 32 352 0 0 0 0 0 0 0 
_1.ptx 665 : 32 10272 1248 0 0 14 1 0 0 
_1.ptx 666 : 32 256 0 0 0 0 0 0 0 
_1.ptx 667 : 32 224 0 0 0 0 0 0 0 
_1.ptx 668 : 32 224 0 0 0 0 0 0 0 
_1.ptx 669 : 32 320 0 0 0 0 0 0 0 
_1.ptx 670 : 32 352 0 0 0 0 0 0 0 
_1.ptx 671 : 32 10784 1216 0 0 16 1 0 0 
_1.ptx 672 : 32 224 0 0 0 0 0 0 0 
_1.ptx 673 : 32 224 0 0 0 0 0 0 0 
_1.ptx 674 : 32 320 0 0 0 0 0 0 0 
_1.ptx 675 : 32 352 0 0 0 0 0 0 0 
_1.ptx 676 : 32 10784 1056 0 0 14 1 0 0 
_1.ptx 677 : 32 256 0 0 0 0 0 0 0 
_1.ptx 678 : 32 320 0 0 0 0 0 0 0 
_1.ptx 679 : 32 352 0 0 0 0 0 0 0 
_1.ptx 680 : 32 11104 1024 0 0 15 1 0 0 
_1.ptx 681 : 32 256 0 0 0 0 0 0 0 
_1.ptx 682 : 32 256 0 0 0 0 0 0 0 
_1.ptx 683 : 32 256 0 0 0 0 0 0 0 
_1.ptx 685 : 32 224 0 0 0 0 0 0 0 
_1.ptx 686 : 32 320 0 0 0 0 0 0 0 
_1.ptx 687 : 32 352 0 0 0 0 0 0 0 
_1.ptx 688 : 32 10304 1120 0 0 15 1 0 0 
_1.ptx 689 : 32 8192 32 0 0 1 1 0 0 
_1.ptx 690 : 32 256 0 0 0 0 0 0 0 
_1.ptx 691 : 32 224 0 0 0 0 0 0 0 
_1.ptx 692 : 32 224 0 0 0 0 0 0 0 
_1.ptx 693 : 32 320 0 0 0 0 0 0 0 
_1.ptx 694 : 32 352 0 0 0 0 0 0 0 
_1.ptx 695 : 32 11328 1120 0 0 15 1 0 0 
_1.ptx 696 : 32 224 0 0 0 0 0 0 0 
_1.ptx 697 : 32 224 0 0 0 0 0 0 0 
_1.ptx 698 : 32 320 0 0 0 0 0 0 0 
_1.ptx 699 : 32 352 0 0 0 0 0 0 0 
_1.ptx 700 : 32 12544 864 0 0 14 1 0 0 
_1.ptx 701 : 32 224 0 0 0 0 0 0 0 
_1.ptx 702 : 32 320 0 0 0 0 0 0 0 
_1.ptx 703 : 32 352 0 0 0 0 0 0 0 
_1.ptx 704 : 32 12288 1440 0 0 15 1 0 0 
_1.ptx 705 : 32 256 0 0 0 0 0 0 0 
_1.ptx 706 : 32 256 0 0 0 0 0 0 0 
_1.ptx 707 : 32 256 0 0 0 0 0 0 0 
_1.ptx 709 : 32 224 0 0 0 0 0 0 0 
_1.ptx 710 : 32 320 0 0 0 0 0 0 0 
_1.ptx 711 : 32 352 0 0 0 0 0 0 0 
_1.ptx 712 : 32 10208 1056 0 0 15 1 0 0 
_1.ptx 713 : 32 256 0 0 0 0 0 0 0 
_1.ptx 714 : 32 224 0 0 0 0 0 0 0 
_1.ptx 715 : 32 224 0 0 0 0 0 0 0 
_1.ptx 716 : 32 320 0 0 0 0 0 0 0 
_1.ptx 717 : 32 352 0 0 0 0 0 0 0 
_1.ptx 718 : 32 9696 768 0 0 12 1 0 0 
_1.ptx 719 : 32 224 0 0 0 0 0 0 0 
_1.ptx 720 : 32 224 0 0 0 0 0 0 0 
_1.ptx 721 : 32 320 0 0 0 0 0 0 0 
_1.ptx 722 : 32 352 0 0 0 0 0 0 0 
_1.ptx 723 : 32 10752 1216 0 0 13 1 0 0 
_1.ptx 724 : 32 224 0 0 0 0 0 0 0 
_1.ptx 725 : 32 320 0 0 0 0 0 0 0 
_1.ptx 726 : 32 352 0 0 0 0 0 0 0 
_1.ptx 727 : 32 10208 1184 0 0 13 1 0 0 
_1.ptx 728 : 32 256 0 0 0 0 0 0 0 
_1.ptx 729 : 32 256 0 0 0 0 0 0 0 
_1.ptx 730 : 32 256 0 0 0 0 0 0 0 
_1.ptx 732 : 32 224 0 0 0 0 0 0 0 
_1.ptx 733 : 32 320 0 0 0 0 0 0 0 
_1.ptx 734 : 32 352 0 0 0 0 0 0 0 
_1.ptx 735 : 32 10080 992 0 0 15 1 0 0 
_1.ptx 736 : 32 10112 32 0 0 1 1 0 0 
_1.ptx 737 : 32 256 0 0 0 0 0 0 0 
_1.ptx 738 : 32 224 0 0 0 0 0 0 0 
_1.ptx 739 : 32 224 0 0 0 0 0 0 0 
_1.ptx 740 : 32 320 0 0 0 0 0 0 0 
_1.ptx 741 : 32 352 0 0 0 0 0 0 0 
_1.ptx 742 : 32 11328 1024 0 0 15 1 0 0 
_1.ptx 743 : 32 224 0 0 0 0 0 0 0 
_1.ptx 744 : 32 224 0 0 0 0 0 0 0 
_1.ptx 745 : 32 320 0 0 0 0 0 0 0 
_1.ptx 746 : 32 352 0 0 0 0 0 0 0 
_1.ptx 747 : 32 11840 1056 0 0 15 1 0 0 
_1.ptx 748 : 32 224 0 0 0 0 0 0 0 
_1.ptx 749 : 32 320 0 0 0 0 0 0 0 
_1.ptx 750 : 32 352 0 0 0 0 0 0 0 
_1.ptx 751 : 32 11904 928 0 0 15 1 0 0 
_1.ptx 752 : 32 256 0 0 0 0 0 0 0 
_1.ptx 753 : 32 256 0 0 0 0 0 0 0 
_1.ptx 754 : 32 256 0 0 0 0 0 0 0 
_1.ptx 756 : 32 224 0 0 0 0 0 0 0 
_1.ptx 757 : 32 320 0 0 0 0 0 0 0 
_1.ptx 758 : 32 352 0 0 0 0 0 0 0 
_1.ptx 759 : 32 10400 1184 0 0 15 1 0 0 
_1.ptx 760 : 32 256 0 0 0 0 0 0 0 
_1.ptx 761 : 32 224 0 0 0 0 0 0 0 
_1.ptx 762 : 32 224 0 0 0 0 0 0 0 
_1.ptx 763 : 32 320 0 0 0 0 0 0 0 
_1.ptx 764 : 32 352 0 0 0 0 0 0 0 
_1.ptx 765 : 32 11296 1248 0 0 15 1 0 0 
_1.ptx 766 : 32 224 0 0 0 0 0 0 0 
_1.ptx 767 : 32 224 0 0 0 0 0 0 0 
_1.ptx 768 : 32 320 0 0 0 0 0 0 0 
_1.ptx 769 : 32 352 0 0 0 0 0 0 0 
_1.ptx 770 : 32 12736 1056 0 0 14 1 0 0 
_1.ptx 771 : 32 224 0 0 0 0 0 0 0 
_1.ptx 772 : 32 320 0 0 0 0 0 0 0 
_1.ptx 773 : 32 352 0 0 0 0 0 0 0 
_1.ptx 774 : 32 12640 1312 0 0 14 1 0 0 
_1.ptx 775 : 32 256 0 0 0 0 0 0 0 
_1.ptx 776 : 32 256 0 0 0 0 0 0 0 
_1.ptx 777 : 32 256 0 0 0 0 0 0 0 
_1.ptx 779 : 32 224 0 0 0 0 0 0 0 
_1.ptx 780 : 32 320 0 0 0 0 0 0 0 
_1.ptx 781 : 32 352 0 0 0 0 0 0 0 
_1.ptx 782 : 32 10016 992 0 0 13 1 0 0 
_1.ptx 783 : 32 8160 32 0 0 1 1 0 0 
_1.ptx 784 : 32 256 0 0 0 0 0 0 0 
_1.ptx 785 : 32 224 0 0 0 0 0 0 0 
_1.ptx 786 : 32 224 0 0 0 0 0 0 0 
_1.ptx 787 : 32 320 0 0 0 0 0 0 0 
_1.ptx 788 : 32 352 0 0 0 0 0 0 0 
_1.ptx 789 : 32 10208 1184 0 0 14 1 0 0 
_1.ptx 790 : 32 224 0 0 0 0 0 0 0 
_1.ptx 791 : 32 224 0 0 0 0 0 0 0 
_1.ptx 792 : 32 320 0 0 0 0 0 0 0 
_1.ptx 793 : 32 352 0 0 0 0 0 0 0 
_1.ptx 794 : 32 12224 1408 0 0 14 1 0 0 
_1.ptx 795 : 32 224 0 0 0 0 0 0 0 
_1.ptx 796 : 32 320 0 0 0 0 0 0 0 
_1.ptx 797 : 32 352 0 0 0 0 0 0 0 
_1.ptx 798 : 32 11488 1088 0 0 13 1 0 0 
_1.ptx 799 : 32 256 0 0 0 0 0 0 0 
_1.ptx 800 : 32 256 0 0 0 0 0 0 0 
_1.ptx 801 : 32 256 0 0 0 0 0 0 0 
_1.ptx 803 : 32 224 0 0 0 0 0 0 0 
_1.ptx 804 : 32 320 0 0 0 0 0 0 0 
_1.ptx 805 : 32 352 0 0 0 0 0 0 0 
_1.ptx 806 : 32 10176 1152 0 0 14 1 0 0 
_1.ptx 807 : 32 256 0 0 0 0 0 0 0 
_1.ptx 808 : 32 224 0 0 0 0 0 0 0 
_1.ptx 809 : 32 224 0 0 0 0 0 0 0 
_1.ptx 810 : 32 320 0 0 0 0 0 0 0 
_1.ptx 811 : 32 352 0 0 0 0 0 0 0 
_1.ptx 812 : 32 10784 1056 0 0 14 1 0 0 
_1.ptx 813 : 32 224 0 0 0 0 0 0 0 
_1.ptx 814 : 32 224 0 0 0 0 0 0 0 
_1.ptx 815 : 32 320 0 0 0 0 0 0 0 
_1.ptx 816 : 32 352 0 0 0 0 0 0 0 
_1.ptx 817 : 32 12128 1280 0 0 16 1 0 0 
_1.ptx 818 : 32 224 0 0 0 0 0 0 0 
_1.ptx 819 : 32 320 0 0 0 0 0 0 0 
_1.ptx 820 : 32 352 0 0 0 0 0 0 0 
_1.ptx 821 : 32 12384 1120 0 0 15 1 0 0 
_1.ptx 822 : 32 256 0 0 0 0 0 0 0 
_1.ptx 823 : 32 256 0 0 0 0 0 0 0 
_1.ptx 824 : 32 256 0 0 0 0 0 0 0 
_1.ptx 826 : 32 224 0 0 0 0 0 0 0 
_1.ptx 827 : 32 320 0 0 0 0 0 0 0 
_1.ptx 828 : 32 352 0 0 0 0 0 0 0 
_1.ptx 829 : 32 10400 1152 0 0 15 1 0 0 
_1.ptx 830 : 32 9664 32 0 0 1 1 0 0 
_1.ptx 831 : 32 256 0 0 0 0 0 0 0 
_1.ptx 832 : 32 224 0 0 0 0 0 0 0 
_1.ptx 833 : 32 224 0 0 0 0 0 0 0 
_1.ptx 834 : 32 320 0 0 0 0 0 0 0 
_1.ptx 835 : 32 352 0 0 0 0 0 0 0 
_1.ptx 836 : 32 11296 1344 0 0 13 1 0 0 
_1.ptx 837 : 32 224 0 0 0 0 0 0 0 
_1.ptx 838 : 32 224 0 0 0 0 0 0 0 
_1.ptx 839 : 32 320 0 0 0 0 0 0 0 
_1.ptx 840 : 32 352 0 0 0 0 0 0 0 
_1.ptx 841 : 32 11200 1152 0 0 11 1 0 0 
_1.ptx 842 : 32 224 0 0 0 0 0 0 0 
_1.ptx 843 : 32 320 0 0 0 0 0 0 0 
_1.ptx 844 : 32 352 0 0 0 0 0 0 0 
_1.ptx 845 : 32 10144 1120 0 0 13 1 0 0 
_1.ptx 846 : 32 256 0 0 0 0 0 0 0 
_1.ptx 847 : 32 256 0 0 0 0 0 0 0 
_1.ptx 848 : 32 256 0 0 0 0 0 0 0 
_1.ptx 850 : 32 224 0 0 0 0 0 0 0 
_1.ptx 851 : 32 320 0 0 0 0 0 0 0 
_1.ptx 852 : 32 352 0 0 0 0 0 0 0 
_1.ptx 853 : 32 9760 864 0 0 12 1 0 0 
_1.ptx 854 : 32 256 0 0 0 0 0 0 0 
_1.ptx 855 : 32 224 0 0 0 0 0 0 0 
_1.ptx 856 : 32 224 0 0 0 0 0 0 0 
_1.ptx 857 : 32 320 0 0 0 0 0 0 0 
_1.ptx 858 : 32 352 0 0 0 0 0 0 0 
_1.ptx 859 : 32 10816 1216 0 0 13 1 0 0 
_1.ptx 860 : 32 224 0 0 0 0 0 0 0 
_1.ptx 861 : 32 224 0 0 0 0 0 0 0 
_1.ptx 862 : 32 320 0 0 0 0 0 0 0 
_1.ptx 863 : 32 352 0 0 0 0 0 0 0 
_1.ptx 864 : 32 12768 1152 0 0 14 1 0 0 
_1.ptx 865 : 32 224 0 0 0 0 0 0 0 
_1.ptx 866 : 32 320 0 0 0 0 0 0 0 
_1.ptx 867 : 32 352 0 0 0 0 0 0 0 
_1.ptx 868 : 32 12192 1120 0 0 14 1 0 0 
_1.ptx 869 : 32 256 0 0 0 0 0 0 0 
_1.ptx 870 : 32 256 0 0 0 0 0 0 0 
_1.ptx 871 : 32 256 0 0 0 0 0 0 0 
_1.ptx 873 : 32 224 0 0 0 0 0 0 0 
_1.ptx 874 : 32 320 0 0 0 0 0 0 0 
_1.ptx 875 : 32 352 0 0 0 0 0 0 0 
_1.ptx 876 : 32 10176 1152 0 0 13 1 0 0 
_1.ptx 877 : 32 8160 32 0 0 1 1 0 0 
_1.ptx 878 : 32 256 0 0 0 0 0 0 0 
_1.ptx 879 : 32 224 0 0 0 0 0 0 0 
_1.ptx 880 : 32 224 0 0 0 0 0 0 0 
_1.ptx 881 : 32 320 0 0 0 0 0 0 0 
_1.ptx 882 : 32 352 0 0 0 0 0 0 0 
_1.ptx 883 : 32 11264 1184 0 0 12 1 0 0 
_1.ptx 884 : 32 224 0 0 0 0 0 0 0 
_1.ptx 885 : 32 224 0 0 0 0 0 0 0 
_1.ptx 886 : 32 320 0 0 0 0 0 0 0 
_1.ptx 887 : 32 352 0 0 0 0 0 0 0 
_1.ptx 888 : 32 10880 1024 0 0 13 1 0 0 
_1.ptx 889 : 32 224 0 0 0 0 0 0 0 
_1.ptx 890 : 32 320 0 0 0 0 0 0 0 
_1.ptx 891 : 32 352 0 0 0 0 0 0 0 
_1.ptx 892 : 32 10080 1088 0 0 14 1 0 0 
_1.ptx 893 : 32 256 0 0 0 0 0 0 0 
_1.ptx 894 : 32 256 0 0 0 0 0 0 0 
_1.ptx 895 : 32 256 0 0 0 0 0 0 0 
_1.ptx 897 : 32 224 0 0 0 0 0 0 0 
_1.ptx 898 : 32 320 0 0 0 0 0 0 0 
_1.ptx 899 : 32 352 0 0 0 0 0 0 0 
_1.ptx 900 : 32 10432 1216 0 0 16 1 0 0 
_1.ptx 901 : 32 256 0 0 0 0 0 0 0 
_1.ptx 902 : 32 224 0 0 0 0 0 0 0 
_1.ptx 903 : 32 224 0 0 0 0 0 0 0 
_1.ptx 904 : 32 320 0 0 0 0 0 0 0 
_1.ptx 905 : 32 352 0 0 0 0 0 0 0 
_1.ptx 906 : 32 10400 1216 0 0 11 1 0 0 
_1.ptx 907 : 32 224 0 0 0 0 0 0 0 
_1.ptx 908 : 32 224 0 0 0 0 0 0 0 
_1.ptx 909 : 32 320 0 0 0 0 0 0 0 
_1.ptx 910 : 32 352 0 0 0 0 0 0 0 
_1.ptx 911 : 32 11840 1184 0 0 15 1 0 0 
_1.ptx 912 : 32 224 0 0 0 0 0 0 0 
_1.ptx 913 : 32 320 0 0 0 0 0 0 0 
_1.ptx 914 : 32 352 0 0 0 0 0 0 0 
_1.ptx 915 : 32 11488 1248 0 0 14 1 0 0 
_1.ptx 916 : 32 256 0 0 0 0 0 0 0 
_1.ptx 917 : 32 256 0 0 0 0 0 0 0 
_1.ptx 918 : 32 256 0 0 0 0 0 0 0 
_1.ptx 920 : 32 224 0 0 0 0 0 0 0 
_1.ptx 921 : 32 320 0 0 0 0 0 0 0 
_1.ptx 922 : 32 352 0 0 0 0 0 0 0 
_1.ptx 923 : 32 10112 960 0 0 14 1 0 0 
_1.ptx 924 : 32 9344 32 0 0 1 1 0 0 
_1.ptx 925 : 32 256 0 0 0 0 0 0 0 
_1.ptx 926 : 32 224 0 0 0 0 0 0 0 
_1.ptx 927 : 32 224 0 0 0 0 0 0 0 
_1.ptx 928 : 32 320 0 0 0 0 0 0 0 
_1.ptx 929 : 32 352 0 0 0 0 0 0 0 
_1.ptx 930 : 32 11520 1216 0 0 14 1 0 0 
_1.ptx 931 : 32 224 0 0 0 0 0 0 0 
_1.ptx 932 : 32 224 0 0 0 0 0 0 0 
_1.ptx 933 : 32 320 0 0 0 0 0 0 0 
_1.ptx 934 : 32 352 0 0 0 0 0 0 0 
_1.ptx 935 : 32 12448 1120 0 0 15 1 0 0 
_1.ptx 936 : 32 224 0 0 0 0 0 0 0 
_1.ptx 937 : 32 320 0 0 0 0 0 0 0 
_1.ptx 938 : 32 352 0 0 0 0 0 0 0 
_1.ptx 939 : 32 12160 1184 0 0 12 1 0 0 
_1.ptx 940 : 32 256 0 0 0 0 0 0 0 
_1.ptx 941 : 32 256 0 0 0 0 0 0 0 
_1.ptx 942 : 32 256 0 0 0 0 0 0 0 
_1.ptx 944 : 32 224 0 0 0 0 0 0 0 
_1.ptx 945 : 32 320 0 0 0 0 0 0 0 
_1.ptx 946 : 32 352 0 0 0 0 0 0 0 
_1.ptx 947 : 32 10144 1120 0 0 13 1 0 0 
_1.ptx 948 : 32 256 0 0 0 0 0 0 0 
_1.ptx 949 : 32 224 0 0 0 0 0 0 0 
_1.ptx 950 : 32 224 0 0 0 0 0 0 0 
_1.ptx 951 : 32 320 0 0 0 0 0 0 0 
_1.ptx 952 : 32 352 0 0 0 0 0 0 0 
_1.ptx 953 : 32 11776 1248 0 0 14 1 0 0 
_1.ptx 954 : 32 224 0 0 0 0 0 0 0 
_1.ptx 955 : 32 224 0 0 0 0 0 0 0 
_1.ptx 956 : 32 320 0 0 0 0 0 0 0 
_1.ptx 957 : 32 352 0 0 0 0 0 0 0 
_1.ptx 958 : 32 11392 1216 0 0 13 1 0 0 
_1.ptx 959 : 32 224 0 0 0 0 0 0 0 
_1.ptx 960 : 32 320 0 0 0 0 0 0 0 
_1.ptx 961 : 32 352 0 0 0 0 0 0 0 
_1.ptx 962 : 32 10080 1024 0 0 15 1 0 0 
_1.ptx 963 : 32 256 0 0 0 0 0 0 0 
_1.ptx 964 : 32 256 0 0 0 0 0 0 0 
_1.ptx 965 : 32 256 0 0 0 0 0 0 0 
_1.ptx 967 : 32 224 0 0 0 0 0 0 0 
_1.ptx 968 : 32 320 0 0 0 0 0 0 0 
_1.ptx 969 : 32 352 0 0 0 0 0 0 0 
_1.ptx 970 : 32 10368 1312 0 0 13 1 0 0 
_1.ptx 971 : 32 8192 32 0 0 1 1 0 0 
_1.ptx 972 : 32 256 0 0 0 0 0 0 0 
_1.ptx 973 : 32 224 0 0 0 0 0 0 0 
_1.ptx 974 : 32 224 0 0 0 0 0 0 0 
_1.ptx 975 : 32 320 0 0 0 0 0 0 0 
_1.ptx 976 : 32 352 0 0 0 0 0 0 0 
_1.ptx 977 : 32 10432 1024 0 0 12 1 0 0 
_1.ptx 978 : 32 224 0 0 0 0 0 0 0 
_1.ptx 979 : 32 224 0 0 0 0 0 0 0 
_1.ptx 980 : 32 320 0 0 0 0 0 0 0 
_1.ptx 981 : 32 352 0 0 0 0 0 0 0 
_1.ptx 982 : 32 12192 1248 0 0 15 1 0 0 
_1.ptx 983 : 32 224 0 0 0 0 0 0 0 
_1.ptx 984 : 32 320 0 0 0 0 0 0 0 
_1.ptx 985 : 32 352 0 0 0 0 0 0 0 
_1.ptx 986 : 32 12192 1248 0 0 14 1 0 0 
_1.ptx 987 : 32 256 0 0 0 0 0 0 0 
_1.ptx 988 : 32 256 0 0 0 0 0 0 0 
_1.ptx 989 : 32 256 0 0 0 0 0 0 0 
_1.ptx 991 : 32 224 0 0 0 0 0 0 0 
_1.ptx 992 : 32 320 0 0 0 0 0 0 0 
_1.ptx 993 : 32 352 0 0 0 0 0 0 0 
_1.ptx 994 : 32 14336 4096 0 0 32 1 0 0 
_1.ptx 995 : 32 256 0 0 0 0 0 0 0 
_1.ptx 996 : 32 224 0 0 0 0 0 0 0 
_1.ptx 997 : 32 224 0 0 0 0 0 0 0 
_1.ptx 998 : 32 320 0 0 0 0 0 0 0 
_1.ptx 999 : 32 352 0 0 0 0 0 0 0 
_1.ptx 1000 : 32 18560 4096 0 0 32 1 0 0 
_1.ptx 1001 : 32 224 0 0 0 0 0 0 0 
_1.ptx 1002 : 32 224 0 0 0 0 0 0 0 
_1.ptx 1003 : 32 320 0 0 0 0 0 0 0 
_1.ptx 1004 : 32 352 0 0 0 0 0 0 0 
_1.ptx 1005 : 32 19488 4096 0 0 32 1 0 0 
_1.ptx 1006 : 32 224 0 0 0 0 0 0 0 
_1.ptx 1007 : 32 320 0 0 0 0 0 0 0 
_1.ptx 1008 : 32 352 0 0 0 0 0 0 0 
_1.ptx 1009 : 32 14336 4096 0 0 32 1 0 0 
_1.ptx 1010 : 32 256 0 0 0 0 0 0 0 
_1.ptx 1011 : 32 256 0 0 0 0 0 0 0 
_1.ptx 1012 : 32 256 0 0 0 0 0 0 0 
_1.ptx 1014 : 32 192 0 0 0 0 0 0 0 
_1.ptx 1015 : 32 8160 32 0 0 1 1 0 0 
_1.ptx 1016 : 32 224 0 0 0 0 0 0 0 
_1.ptx 1017 : 32 224 0 0 0 0 0 0 0 
_1.ptx 1018 : 32 320 0 0 0 0 0 0 0 
_1.ptx 1019 : 32 352 0 0 0 0 0 0 0 
_1.ptx 1020 : 32 8512 32 0 0 1 1 0 0 
_1.ptx 1021 : 32 224 0 0 0 0 0 0 0 
_1.ptx 1022 : 32 320 0 0 0 0 0 0 0 
_1.ptx 1023 : 32 352 0 0 0 0 0 0 0 
_1.ptx 1024 : 32 10304 1280 0 0 13 1 0 0 
_1.ptx 1025 : 32 224 0 0 0 0 0 0 0 
_1.ptx 1026 : 32 256 0 0 0 0 0 0 0 
_1.ptx 1027 : 32 224 0 0 0 0 0 0 0 
_1.ptx 1028 : 32 224 0 0 0 0 0 0 0 
_1.ptx 1029 : 32 320 0 0 0 0 0 0 0 
_1.ptx 1030 : 32 352 0 0 0 0 0 0 0 
_1.ptx 1031 : 32 10464 1248 0 0 14 1 0 0 
_1.ptx 1032 : 32 224 0 0 0 0 0 0 0 
_1.ptx 1033 : 32 224 0 0 0 0 0 0 0 
_1.ptx 1034 : 32 320 0 0 0 0 0 0 0 
_1.ptx 1035 : 32 352 0 0 0 0 0 0 0 
_1.ptx 1036 : 32 9792 832 0 0 13 1 0 0 
_1.ptx 1037 : 32 224 0 0 0 0 0 0 0 
_1.ptx 1038 : 32 224 0 0 0 0 0 0 0 
_1.ptx 1039 : 32 224 0 0 0 0 0 0 0 
_1.ptx 1040 : 32 320 0 0 0 0 0 0 0 
_1.ptx 1041 : 32 352 0 0 0 0 0 0 0 
_1.ptx 1042 : 32 10208 1152 0 0 14 1 0 0 
_1.ptx 1043 : 32 224 0 0 0 0 0 0 0 
_1.ptx 1044 : 32 256 0 0 0 0 0 0 0 
_1.ptx 1045 : 32 256 0 0 0 0 0 0 0 
_1.ptx 1046 : 32 256 0 0 0 0 0 0 0 
_1.ptx 1048 : 32 224 0 0 0 0 0 0 0 
_1.ptx 1049 : 32 224 0 0 0 0 0 0 0 
_1.ptx 1050 : 32 1024 512 0 0 16 1 0 0 
_1.ptx 1051 : 32 224 0 0 0 0 0 0 0 
_1.ptx 1052 : 32 224 0 0 0 0 0 0 0 
_1.ptx 1053 : 32 2112 512 0 0 16 1 0 0 
_1.ptx 1054 : 32 224 0 0 0 0 0 0 0 
_1.ptx 1055 : 32 224 0 0 0 0 0 0 0 
_1.ptx 1056 : 32 3168 512 0 0 16 1 0 0 
_1.ptx 1057 : 32 224 0 0 0 0 0 0 0 
_1.ptx 1058 : 32 4416 512 0 0 16 1 0 0 
_1.ptx 1060 : 32 8192 32 0 0 1 1 0 0 
_1.ptx 1061 : 32 224 0 0 0 0 0 0 0 
_1.ptx 1062 : 32 320 0 0 0 0 0 0 0 
_1.ptx 1063 : 32 352 0 0 0 0 0 0 0 
_1.ptx 1064 : 32 10144 1024 0 0 15 1 0 0 
_1.ptx 1065 : 32 224 0 0 0 0 0 0 0 
_1.ptx 1066 : 32 256 0 0 0 0 0 0 0 
_1.ptx 1067 : 32 224 0 0 0 0 0 0 0 
_1.ptx 1068 : 32 224 0 0 0 0 0 0 0 
_1.ptx 1069 : 32 320 0 0 0 0 0 0 0 
_1.ptx 1070 : 32 352 0 0 0 0 0 0 0 
_1.ptx 1071 : 32 9952 1120 0 0 10 1 0 0 
_1.ptx 1072 : 32 224 0 0 0 0 0 0 0 
_1.ptx 1073 : 32 224 0 0 0 0 0 0 0 
_1.ptx 1074 : 32 320 0 0 0 0 0 0 0 
_1.ptx 1075 : 32 352 0 0 0 0 0 0 0 
_1.ptx 1076 : 32 10144 1024 0 0 15 1 0 0 
_1.ptx 1077 : 32 224 0 0 0 0 0 0 0 
_1.ptx 1078 : 32 224 0 0 0 0 0 0 0 
_1.ptx 1079 : 32 224 0 0 0 0 0 0 0 
_1.ptx 1080 : 32 320 0 0 0 0 0 0 0 
_1.ptx 1081 : 32 352 0 0 0 0 0 0 0 
_1.ptx 1082 : 32 10112 1024 0 0 15 1 0 0 
_1.ptx 1083 : 32 224 0 0 0 0 0 0 0 
_1.ptx 1084 : 32 256 0 0 0 0 0 0 0 
_1.ptx 1085 : 32 256 0 0 0 0 0 0 0 
_1.ptx 1086 : 32 256 0 0 0 0 0 0 0 
_1.ptx 1088 : 32 224 0 0 0 0 0 0 0 
_1.ptx 1089 : 32 224 0 0 0 0 0 0 0 
_1.ptx 1090 : 32 1088 512 0 0 16 1 0 0 
_1.ptx 1091 : 32 224 0 0 0 0 0 0 0 
_1.ptx 1092 : 32 224 0 0 0 0 0 0 0 
_1.ptx 1093 : 32 1024 512 0 0 16 1 0 0 
_1.ptx 1094 : 32 224 0 0 0 0 0 0 0 
_1.ptx 1095 : 32 224 0 0 0 0 0 0 0 
_1.ptx 1096 : 32 2080 512 0 0 16 1 0 0 
_1.ptx 1097 : 32 224 0 0 0 0 0 0 0 
_1.ptx 1098 : 32 3392 512 0 0 16 1 0 0 
_1.ptx 1100 : 32 10496 32 0 0 1 1 0 0 
_1.ptx 1101 : 32 224 0 0 0 0 0 0 0 
_1.ptx 1102 : 32 320 0 0 0 0 0 0 0 
_1.ptx 1103 : 32 352 0 0 0 0 0 0 0 
_1.ptx 1104 : 32 13184 1120 0 0 15 1 0 0 
_1.ptx 1105 : 32 224 0 0 0 0 0 0 0 
_1.ptx 1106 : 32 256 0 0 0 0 0 0 0 
_1.ptx 1107 : 32 224 0 0 0 0 0 0 0 
_1.ptx 1108 : 32 224 0 0 0 0 0 0 0 
_1.ptx 1109 : 32 320 0 0 0 0 0 0 0 
_1.ptx 1110 : 32 352 0 0 0 0 0 0 0 
_1.ptx 1111 : 32 10304 1216 0 0 15 1 0 0 
_1.ptx 1112 : 32 224 0 0 0 0 0 0 0 
_1.ptx 1113 : 32 224 0 0 0 0 0 0 0 
_1.ptx 1114 : 32 320 0 0 0 0 0 0 0 
_1.ptx 1115 : 32 352 0 0 0 0 0 0 0 
_1.ptx 1116 : 32 9888 800 0 0 14 1 0 0 
_1.ptx 1117 : 32 224 0 0 0 0 0 0 0 
_1.ptx 1118 : 32 224 0 0 0 0 0 0 0 
_1.ptx 1119 : 32 224 0 0 0 0 0 0 0 
_1.ptx 1120 : 32 320 0 0 0 0 0 0 0 
_1.ptx 1121 : 32 352 0 0 0 0 0 0 0 
_1.ptx 1122 : 32 10176 1248 0 0 13 1 0 0 
_1.ptx 1123 : 32 224 0 0 0 0 0 0 0 
_1.ptx 1124 : 32 256 0 0 0 0 0 0 0 
_1.ptx 1125 : 32 256 0 0 0 0 0 0 0 
_1.ptx 1126 : 32 256 0 0 0 0 0 0 0 
_1.ptx 1128 : 32 224 0 0 0 0 0 0 0 
_1.ptx 1129 : 32 224 0 0 0 0 0 0 0 
_1.ptx 1130 : 32 1024 512 0 0 16 1 0 0 
_1.ptx 1131 : 32 224 0 0 0 0 0 0 0 
_1.ptx 1132 : 32 224 0 0 0 0 0 0 0 
_1.ptx 1133 : 32 2080 512 0 0 16 1 0 0 
_1.ptx 1134 : 32 224 0 0 0 0 0 0 0 
_1.ptx 1135 : 32 224 0 0 0 0 0 0 0 
_1.ptx 1136 : 32 3168 512 0 0 16 1 0 0 
_1.ptx 1137 : 32 224 0 0 0 0 0 0 0 
_1.ptx 1138 : 32 4480 512 0 0 16 1 0 0 
_1.ptx 1140 : 32 11552 32 0 0 1 1 0 0 
_1.ptx 1141 : 32 224 0 0 0 0 0 0 0 
_1.ptx 1142 : 32 320 0 0 0 0 0 0 0 
_1.ptx 1143 : 32 352 0 0 0 0 0 0 0 
_1.ptx 1144 : 32 10272 1184 0 0 15 1 0 0 
_1.ptx 1145 : 32 224 0 0 0 0 0 0 0 
_1.ptx 1146 : 32 256 0 0 0 0 0 0 0 
_1.ptx 1147 : 32 224 0 0 0 0 0 0 0 
_1.ptx 1148 : 32 224 0 0 0 0 0 0 0 
_1.ptx 1149 : 32 320 0 0 0 0 0 0 0 
_1.ptx 1150 : 32 352 0 0 0 0 0 0 0 
_1.ptx 1151 : 32 10272 1184 0 0 15 1 0 0 
_1.ptx 1152 : 32 224 0 0 0 0 0 0 0 
_1.ptx 1153 : 32 224 0 0 0 0 0 0 0 
_1.ptx 1154 : 32 320 0 0 0 0 0 0 0 
_1.ptx 1155 : 32 352 0 0 0 0 0 0 0 
_1.ptx 1156 : 32 10112 960 0 0 15 1 0 0 
_1.ptx 1157 : 32 224 0 0 0 0 0 0 0 
_1.ptx 1158 : 32 224 0 0 0 0 0 0 0 
_1.ptx 1159 : 32 224 0 0 0 0 0 0 0 
_1.ptx 1160 : 32 320 0 0 0 0 0 0 0 
_1.ptx 1161 : 32 352 0 0 0 0 0 0 0 
_1.ptx 1162 : 32 10272 1280 0 0 14 1 0 0 
_1.ptx 1163 : 32 224 0 0 0 0 0 0 0 
_1.ptx 1164 : 32 256 0 0 0 0 0 0 0 
_1.ptx 1165 : 32 256 0 0 0 0 0 0 0 
_1.ptx 1166 : 32 256 0 0 0 0 0 0 0 
_1.ptx 1168 : 32 224 0 0 0 0 0 0 0 
_1.ptx 1169 : 32 224 0 0 0 0 0 0 0 
_1.ptx 1170 : 32 1056 512 0 0 16 1 0 0 
_1.ptx 1171 : 32 224 0 0 0 0 0 0 0 
_1.ptx 1172 : 32 224 0 0 0 0 0 0 0 
_1.ptx 1173 : 32 2112 512 0 0 16 1 0 0 
_1.ptx 1174 : 32 224 0 0 0 0 0 0 0 
_1.ptx 1175 : 32 224 0 0 0 0 0 0 0 
_1.ptx 1176 : 32 3168 512 0 0 16 1 0 0 
_1.ptx 1177 : 32 224 0 0 0 0 0 0 0 
_1.ptx 1178 : 32 1024 512 0 0 16 1 0 0 
_1.ptx 1180 : 32 192 0 0 0 0 0 0 0 
